250.80000000000004,312.506884765625
251.30543212890626,312.59999999999997
249.71186447143555,311.40000000000003
253.87437667846677,315.6402473449707
252.888525390625,316.25468749999993
248.74785871505736,310.53423514366153
248.25517387390133,319.49319229125985
257.1848968505859,319.413021850586
256.406687772274,310.458122098446
258.0804443359375,310.14143066406245
258.6640380859375,319.39216308593745
249.7559753417969,321.86512494087214
245.56140198707587,313.62949156761164
328.41375674009316,223.26917155981062
331.71077938845843,232.68020171870012
337.3588903706288,240.8806828916771
345.7648590961471,246.09306159932166
355.672107062742,246.54371490966003
365.334486326389,244.09538957476616
373.95349083375186,239.097173756361
381.1641557060561,232.18359185541047
386.77256259918215,227.77495424151422
386.20219860076907,237.6854148924351
382.8471870686859,247.094863067579
388.37441644622015,253.98520756261422
387.45701101273295,262.1889860875905
380.8583593610936,269.70517384473203
373.89788815083455,276.89461909787497
366.55526272438294,283.6902296009983
358.7794049205928,289.95707020980336
350.44504093939906,295.4889827874839
341.46687955812087,299.8307164616767
332.71001447394957,300.15776897341715
326.3793284058571,292.4321802079678
318.5880914987676,286.1987470517852
309.41504450060893,282.3131684071268
299.501862116158,281.7125172428787
289.8927130106367,284.37932899803224
281.23784280956903,289.3669909667297
273.8683449048549,296.05040920609616
269.5058837890625,303.92329101562507
262.9915733914473,296.35425833764026
257.59266222119334,287.93669663667686
253.63059711962705,278.77398286943793
251.63851431026615,268.99769810534457
252.1912893328152,259.0430264584892
255.44661123016414,249.62598027652425
260.93066199304303,241.29066476130396
267.94047855908286,234.15529884754218
275.8806457519532,228.10350008010866
284.9618684053421,223.95924816762565
294.6707286655903,221.6414682368195
304.62739460468293,220.74966238236522
314.6082955181599,221.06813370407033
324.5151799440384,222.41625160106923
331.1584592103958,206.00174328088758
329.1860762719647,214.92325532619142
319.378214508295,213.03313370347024
309.4433557965225,211.803031656683
299.4764765727333,211.2065198357217
289.47335318042167,211.29164652522158
279.5098687994572,212.14759505996207
269.6617305148784,213.8905867122112
260.05959188494217,216.65423305964555
250.87943178232524,220.57378543516387
242.3345503862147,225.7636233503479
234.70943579771972,232.23487156341997
228.26112808853938,239.85210821903166
223.10278262260124,248.40346458902076
219.23171536653533,257.6223610593122
216.51289040027186,267.23294161821246
215.6741506178863,277.18297205285637
216.6887787722051,287.12014029342674
219.34748845387946,296.7536344790744
223.4400512839973,305.86170723485077
228.74098909655584,314.3380039802519
235.01200638107255,322.12457112079426
227.4755341802578,325.1533660018263
217.56015598212832,326.4532031929353
207.57964616969727,326.67705969834606
197.63128353376808,325.74793959652595
187.87723280965872,323.5614808185578
178.52552166339007,320.04397959504274
169.78865303949385,315.18803546735904
161.87195296769238,309.09012341418963
154.9048179587349,301.9299118692055
148.9229791998863,293.92069307565686
143.90058598555913,285.2877917672245
140.24441258683797,276.0340523705585
139.14423175677655,266.1077396546723
139.77161851925774,256.13998129252866
142.1092428829637,246.4238742680052
146.10206504220838,237.26471356369473
151.5668975830078,228.92003240585325
158.26186300347322,221.4961806145442
165.88988220253955,215.03751531676096
174.20304575265615,209.48674955448328
183.016128770262,204.7471631492255
192.17002298944863,200.72726708326917
201.6234029057872,197.49193070356415
211.3226956520928,195.07746674470832
221.13914562553725,193.17515716369218
231.02372650550132,191.72372039180755
240.9803611666197,190.69369532390266
250.96148320254576,190.07564040653088
260.9445764166692,189.8614834244052
270.944820528783,190.04681552158291
280.9240320850538,190.62950859430003
290.87785612526056,191.6083652590649
300.7899613867325,192.98197087446385
310.63455837266554,194.74632358268119
320.39753595111245,196.89761218826607
330.0746139785595,199.4337905883629
158.43329148888589,75.38821591734886
168.43953289203782,75.48596388139558
178.42407788174313,75.55114267049501
188.4226255600457,75.58821149150607
198.4314643178024,75.59886336653817
208.42986732102435,75.58392871530523
218.42797242274827,75.54376526012929
228.43760570852754,75.47827884652214
237.3152031222358,76.62982549788431
236.69084095824508,86.58750657597555
233.25502292670717,95.92018953827646
226.51409387110323,103.20046171436115
217.3828425835498,107.1243615843079
207.4659057220444,108.11812776802105
197.48051950484512,107.4938807591796
187.80683823078868,105.01710220724344
178.77226851054002,100.79751856306102
170.48297462558548,95.218512869408
163.00308504074056,88.58607726517657
156.32043312630523,81.14816853591655
449.59409497380256,141.2381179153919
447.1317231655121,150.93149886131286
443.68380359759465,160.30680352178314
439.43251761522845,169.35471844588173
434.4713754680139,178.0438562841751
428.88519855708586,186.32513691344064
422.15032198354606,192.54446594472972
412.3822082996368,190.43926903009412
407.6931411422789,199.10578621327875
401.25724675776434,206.70449618212876
398.5676253873854,202.79992969408625
399.1109128504992,192.84765625596043
395.8615332697576,183.4884404581156
388.41220698007385,176.96725950287652
378.97540046006907,173.79091429908294
371.2882327064871,171.5328706130385
380.17760747149583,173.44812505319712
370.29926280984654,172.36222268277774
360.57643635462733,174.5300750405877
351.8077868068459,179.2717991047524
344.26363028252524,185.81446808470207
337.8823271866628,193.50992432555228
329.08851712998,192.10869093434883
319.520807411251,189.2229636458054
309.8193901726976,186.7465870353393
300.0448420934059,184.66438303098982
290.1906819665251,182.96738113587924
280.2783099988242,181.6631821481627
270.3257104255859,180.76345625355077
260.33277363630475,180.28226753444176
250.33368351355932,180.23814572768674
240.33498585711055,180.6498869599294
230.3759912963257,181.53579030158198
220.48398437499998,182.91269531249998
210.65812130647242,184.80207167126935
200.9636275140423,187.21156387850203
191.40519027001608,190.15817246992208
182.03832276496388,193.6410363752866
172.8771384380201,197.6677771854769
163.9689015974087,202.22692710265835
155.35650475393737,207.29802467599018
147.06015477311155,212.86435737978752
139.0962479745063,218.9057341982874
131.477625749298,225.39878861475006
124.23936774122257,232.29159804925112
117.37785975087897,239.55808911382917
110.88723849015807,247.1727315586702
109.9164761299038,239.97520557584573
109.93603789636397,229.9726223258767
109.95559313683805,219.97337603013364
109.97512204463128,209.98759451187215
109.99469020013397,199.9817443314904
110.01424618384493,189.9821179939522
110.03382318468248,179.97174489902608
110.0533505823525,169.98673555708592
110.07293607444116,159.97202060241614
110.09248755252446,149.9746981424869
110.11201715115459,139.98856337629257
110.13159693357484,129.97676796539963
110.15113213211299,119.98776977956294
110.17068851143122,109.98794115483761
110.19027380084152,99.97332983636298
114.96603563609533,93.42434340992477
124.45531685352326,90.28717666864395
133.9605332645413,87.14474173494673
143.45496836043895,84.00587111581117
150.834432284534,87.96849659606815
157.779296875,95.1607421875
165.426574059017,101.56730711655692
173.77972194030627,107.07413450448749
182.7605986915267,111.44449723392464
192.29356157192086,114.45088841401885
202.17805653470276,115.87732473346841
212.16823934650455,115.623947875014
221.88756545921788,113.4117487858981
230.63663108786568,108.62936955206095
237.70017556829987,101.6149649510917
242.3059541433933,92.79191507860088
244.26324031362307,83.003255783394
245.9633856148459,74.57391214212404
255.93744750022887,73.7031340122223
265.9151430097408,73.29657707689331
275.92740175127983,73.29098346829416
285.9116485443883,73.67601476067358
295.88793927221104,74.45781448605868
305.8179361632612,75.64872111319329
315.6765158598637,77.26593125417077
325.4592937914,79.33522280887266
335.13603022132446,81.88280036557555
344.6550713018538,84.93053226885442
353.99844720959663,88.51233627200128
363.09460721724514,92.64296225934615
357.5538320064544,93.99867843724789
347.57717947363847,94.38839142681101
341.59475221764296,95.03975390736014
351.421875,96.890625
361.1949891091237,99.04259849297523
370.88469575436613,101.4687784909358
380.5085941320667,104.17967410403762
390.043108789064,107.18869351577014
399.48163255403597,110.52486251672562
408.76438259266723,114.20834176277567
417.88846555799245,118.29300012141465
426.8098366261165,122.83514935770836
435.4282211106503,127.88179122533182
443.69300322064663,133.53739753917324